+79585368866
+79012022003
+79012020826
+79012020156
+79019231095
+79019236471
+79012023054
+79012022777
+79019237777
+79012021563
+79010135644
+79012022583
+79012023178
+79012023032
+79012022534
+79012022794
+79019235404
+79012022701
+79012022773
+79012022935
+79019238654
+79019237440
+79019233981
+79012021958
+79019238079
+79019236833
+79012021242
+79019231907
+79539903822
+79585368292
+79019234178
+79012020636
+79019239727
+79019239362
+79012023042
+79585368418
+79019232925
+79539902070
+79539902784
+79010135552
+79012020784
+79019236338
+79012022844
+79012020530
+79539903855
+79560008234
+79019231364
+79560008127
+79012021247
+79019237374
+79019232186
+79019236702
+79012020785
+79539902132
+79019233163
+79539903572
+79585368405
+79019236924
+79019230054
+79012021134
+79012022501
+79585368454
+79012020477
+79012021597
+79019235505
+79539902266
+79019237364
+79019238833
+79012023004
+79539903503
+79539902638
+79539903708
+79019231434
+79019232601
+79019237497
+79539903906
+79012020132
+79019230217
+79019235375
+79012022810
+79585368348
+79019234639
+79560008105
+79019232387
+79012021802
+79019233627
+79012023080
+79539902338
+79012020854
+79019234289
+79019239553
+79019235003
+79012021154
+79019231187
+79585368633
+79539902342
+79019232717
+79019233008
+79560008019
+79012021972
+79019231619
+79019238532
+79019239373
+79585368743
+79539902157
+79012020660
+79012020283
+79019233920
+79019235776
+79012022994
+79012023052
+79019230531
+79019238969
+79539902274
+79539902008
+79539903650
+79012023089
+79019238439
+79012022960
+79012023154
+79019230632
+79012021686
+79012021397
+79012020577
+79012022709
+79585368113
+79012022832
+79012023388
+79012021481
+79019231384
+79560008005
+79585368406
+79539903676
+79012021532
+79585368835
+79012020382
+79019231723
+79012022828
+79012021120
+79012020022
+79019235476
+79019238799
+79019230870
+79539903402
+79019231923
+79019239838
+79019238422
+79019234080
+79585368745
+79585368249
+79012023196
+79012021176
+79539902467
+79012023416
+79585368204
+79012021418
+79019232509
+79019231807
+79012022279
+79019235068
+79012021130
+79012021132
+79012020451
+79019239322
+79012020936
+79019237582
+79019238727
+79585368906
+79019235922
+79012021296
+79012020620
+79012020822
+79585368340
+79019234098
+79585368566
+79019237519
+79019237985
+79012020308
+79012023423
+79019235309
+79019239421
+79539902734
+79019239220
+79019233595
+79019232085
+79012021952
+79019232948
+79012022081
+79019234507
+79019234000
+79012023142
+79019231817
+79012023428
+79012021384
+79585368928
+79585368419
+79012021928
+79019230872
+79019233942
+79019235872
+79019230880
+79019236243
+79019239002
+79585368569
+79019230777
+79019231796
+79539902805
+79585368808
+79012020929
+79019231642
+79012020650
+79019235775
+79012020026
+79019236952
+79539902812
+79019236705
+79012021253
+79539902814
+79012022559
+79585368763
+79585368075
+79019231640
+79019233049
+79012022584
+79019237030
+79012023191
+79012021575
+79012020342
+79012021921
+79019233381
+79019235311
+79012021292
+79019230343
+79539902550
+79012022371
+79585368852
+79012021224
+79539903249
+79012022075
+79019237542
+79012020151
+79012023401
+79019235831
+79019239034
+79010136174
+79019230675
+79012021358
+79012020613
+79019230528
+79019238623
+79539903490
+79012023322
+79012022764
+79585368803
+79585368628
+79012021484
+79019237954
+79585368369
+79019233879
+79585368815
+79012023276
+79585368661
+79019236585
+79012020203
+79019233290
+79012022971
+79539903839
+79539903427
+79012021259
+79012020873
+79019231839
+79012022998
+79012022677
+79019234298
+79019233286
+79539903302
+79012023109
+79012021525
+79560008084
+79019233316
+79019237529
+79019233971
+79012022060
+79012021932
+79012023294
+79019239337
+79019234565
+79539902118
+79012020811
+79012020832
+79585368707
+79019230120
+79019238228
+79019237658
+79019231728
+79019230863
+79585368026
+79012021114
+79019232062
+79585368202
+79585368370
+79560008186
+79539903677
+79019237031
+79019232056
+79012022240
+79012022286
+79019234809
+79012023271
+79019234385
+79539903590
+79012023441
+79019239422
+79012021763
+79012021871
+79012020759
+79012021408
+79019237812
+79585368733
+79019235168
+79539902167
+79560008064
+79019233263
+79019230004
+79012021707
+79585368350
+79012021677
+79539903501
+79012020640
+79012020271
+79019235036
+79012022139
+79019231520
+79019237680
+79019236177
+79012021973
+79019234702
+79012022346
+79585368462
+79012022449
+79012021609
+79585368775
+79539902627
+79012021761
+79019238029
+79585368600
+79019233678
+79012021742
+79019238377
+79539902703
+79539903903
+79012022589
+79012022213
+79019232149
+79585368754
+79019232817
+79019231451
+79012020015
+79012022779
+79019234167
+79019235186
+79012021043
+79012021135
+79539903495
+79019236900
+79019234524
+79012023447
+79010135679
+79012022425
+79012022913
+79019233120
+79019233832
+79019239488
+79012022284
+79012020388
+79012022224
+79012021403
+79539902807
+79019239843
+79019239071
+79019231480
+79539903540
+79539903327
+79539902756
+79539903571
+79019239052
+79539902505
+79012022864
+79019232871
+79019230674
+79012022009
+79012022429
+79019233356
+79539902276
+79539903155
+79585368742
+79585368591
+79019232529
+79012022163
+79019238179
+79012022047
+79585368615
+79019235820
+79012021660
+79585368403
+79560008202
+79012020688
+79012022349
+79019232447
+79012021116
+79019238948
+79012023463
+79019232886
+79012020032
+79012022233
+79012021888
+79019232262
+79539902451
+79560008185
+79019232087
+79012022936
+79019231790
+79019236536
+79019234560
+79019239807
+79012021075
+79019231929
+79012020890
+79019233235
+79560008271
+79019230246
+79012022460
+79012022493
+79539902013
+79019233023
+79019232023
+79019236962
+79019237872
+79019238325
+79019233963
+79019235959
+79539902836
+79019237352
+79012020255
+79560008041
+79019232035
+79019239646
+79539903232
+79019238705
+79539902705
+79012023167
+79585368616
+79585368479
+79539902613
+79012021595
+79539902799
+79019233230
+79019234415
+79012022905
+79019237110
+79012022811
+79012021901
+79539902969
+79019239014
+79585368750
+79019230700
+79012023023
+79012021688
+79012021520
+79019234483
+79019231098
+79019237959
+79010136162
+79019233621
+79019230151
+79019238420
+79012020729
+79012022987
+79019237344
+79012022472
+79012023103
+79012022405
+79012020715
+79012021910
+79019230562
+79019234543
+79012023337
+79019239551
+79012022646
+79012021819
+79539903347
+79585368003
+79012022509
+79019234484
+79012022079
+79019231472
+79019231381
+79012021115
+79012023406
+79585368009
+79539903859
+79019237488
+79019236340
+79012022048
+79019232371
+79019239274
+79019235805
+79019230723
+79019230874
+79019239045
+79012022217
+79012020039
+79019235101
+79012022953
+79019235918
+79539903499
+79019232623
+79012022088
+79539902210
+79019237904
+79012020041
+79539902750
+79012023466
+79012021440
+79585368022
+79012023039
+79012021261
+79019232131
+79539903534
+79019239387
+79012020661
+79019239617
+79019232781
+79539902189
+79539903273
+79019239655
+79019230028
+79019236189
+79019232467
+79012021301
+79539903250
+79019234588
+79019230082
+79012020564
+79019238002
+79019237876
+79019239581
+79585368417
+79010136180
+79019235091
+79019237136
+79012020517
+79019235643
+79012023076
+79560008134
+79012020270
+79585368083
+79539903081
+79019237120
+79019236033
+79010135570
+79012022430
+79012021884
+79012023446
+79012023093
+79012021552
+79585368932
+79019231670
+79019234474
+79539902471
+79585368415
+79012020007
+79019233027
+79019231241
+79560008291
+79019233601
+79019234008
+79019239243
+79539903391
+79012021546
+79019230432
+79012020036
+79019238566
+79012021415
+79019238405
+79012022550
+79012022997
+79585368335
+79019233313
+79539902041
+79012020850
+79012020153
+79019231767
+79560008113
+79585368193
+79012023440
+79019232991
+79019239460
+79019237127
+79019232749
+79019238068
+79019236260
+79012022306
+79585368344
+79539902129
+79019238268
+79539902109
+79010136125
+79012023051
+79019230950
+79539903832
+79019239132
+79019232526
+79012021121
+79010135653
+79539903072
+79019231688
+79585368681
+79539902123
+79012022443
+79019232076
+79012020461
+79012020124
+79019233328
+79019231541
+79019235937
+79012021863
+79019231809
+79012023319
+79539902563
+79012022926
+79585368143
+79012023105
+79019233525
+79012020119
+79019238899
+79019239433
+79012021013
+79012020030
+79019234715
+79585368966
+79019231153
+79019238845
+79012022417
+79012021304
+79539903519
+79019231156
+79539903659
+79019233709
+79012023018
+79012021536
+79019235201
+79019239866
+79012022058
+79019231371
+79539903537
+79019230526
+79019236985
+79012020920
+79019238089
+79012023436
+79019238695
+79019236510
+79019232899
+79019231038
+79019232414
+79012020173
+79019232329
+79585368587
+79012022028
+79019239613
+79012021545
+79012023020
+79019231206
+79019234228
+79019232304
+79019230572
+79019235502
+79585368366
+79019232944
+79560008259
+79019238397
+79585368078
+79019238034
+79012022610
+79019237550
+79012022649
+79019234572
+79585368302
+79012020893
+79012020140
+79012021517
+79019230993
+79012020833
+79019239901
+79585368853
+79012021659
+79539903658
+79539903701
+79019236334
+79539903768
+79019238893
+79019237528
+79019235110
+79585368049
+79012021038
+79560008021
+79019237233
+79010136186
+79012021432
+79012022243
+79019239784
+79012021778
+79019231254
+79585368331
+79019236202
+79012020152
+79539903050
+79019239635
+79019231119
+79019236569
+79539902603
+79019236609
+79012021095
+79019235132
+79012022337
+79019235691
+79012020374
+79012020182
+79019235403
+79019231906
+79010135636
+79012021479
+79539903089
+79012021785
+79019234767
+79539903926
+79012022097
+79012023420
+79012021245
+79019236053
+79019236949
+79012021856
+79012023150
+79012020264
+79012020808
+79012020406
+79539903725
+79019230645
+79019237819
+79012021576
+79019232658
+79019231004
+79019232022
+79012020254
+79012022127
+79019231637
+79539903686
+79019235233
+79019239279
+79019230061
+79019236988
+79019238815
+79012022621
+79539902986
+79012022946
+79019233657
+79019231910
+79019235192
+79019232010
+79019238214
+79585368056
+79585368555
+79019238036
+79539903251
+79012022450
+79539903827
+79019237396
+79019232255
+79010135638
+79012020227
+79019230954
+79585368631
+79539903056
+79019231045
+79019237945
+79012022248
+79019230672
+79012022252
+79585368264
+79019230408
+79012022942
+79539902371
+79539902972
+79585368766
+79560008050
+79585368818
+79539903435
+79539903465
+79019235942
+79012021366
+79012021407
+79012022334
+79019239069
+79019233153
+79019237674
+79019237280
+79012022870
+79019237870
+79019232157
+79019239858
+79012020306
+79019230008
+79012022364
+79012020178
+79012022321
+79585368081
+79019233960
+79012020240
+79539903181
+79585368751
+79539903527
+79019239384
+79019237081
+79019231882
+79019236611
+79539903905
+79585368491
+79012021914
+79012022694
+79539902534
+79539903883
+79019234107
+79585368050
+79012022159
+79585368438
+79012022078
+79012020672
+79012022234
+79019233847
+79019239213
+79019236682
+79019236717
+79019232611
+79012020843
+79012020407
+79019230963
+79019237342
+79539902231
+79019234610
+79012022385
+79012020912
+79019239679
+79019235529
+79019239195
+79019235219
+79012020276
+79019235588
+79019238356
+79019236440
+79019230451
+79019236116
+79010135647
+79539902915
+79019237335
+79012021015
+79012020049
+79012020484
+79585368675
+79585368457
+79539902861
+79012023002
+79585368287
+79012021180
+79539902662
+79012021286
+79012020977
+79012020779
+79012022523
+79012021342
+79019239017
+79019231877
+79019239983
+79019235880
+79012020904
+79585368664
+79539902818
+79019234225
+79585368901
+79019232318
+79012022617
+79012020589
+79012022404
+79012021082
+79012021284
+79019235397
+79012021201
+79019233156
+79012020002
+79019233453
+79019232869
+79012021395
+79012023152
+79585368550
+79012023202
+79019231230
+79019232158
+79012021908
+79539902862
+79585368688
+79019232315
+79012021347
+79012021795
+79012022809
+79012020724
+79019237772
+79019232252
+79019237019
+79019230866
+79019233265
+79019235343
+79539903122
+79012022705
+79019237037
+79012020389
+79019237981
+79012022744
+79539903277
+79012021879
+79019230253
+79019233756
+79012022727
+79585368903
+79012022962
+79019233424
+79012020617
+79019237768
+79012021422
+79012021209
+79585368914
+79019239203
+79012020623
+79019230465
+79019237060
+79539903182
+79019238066
+79585368518
+79019234676
+79019232211
+79539902073
+79560008048
+79539903947
+79012022473
+79019238773
+79019236111
+79012022230
+79019230448
+79012022007
+79012022291
+79019237517
+79012022956
+79019231935
+79012020972
+79012021784
+79012021456
+79012020260
+79012020618
+79010136146
+79019237729
+79012020580
+79012021000
+79012020104
+79019238465
+79012021631
+79019236220
+79560008062
+79019231231
+79019235342
+79012020348
+79539903338
+79019237828
+79019233362
+79019230110
+79019236541
+79019238004
+79539902816
+79019237994
+79012023297
+79539902831
+79012020792
+79019236392
+79560008223
+79012022675
+79019238984
+79585368892
+79012023313
+79019232028
+79012021760
+79585368823
+79012023424
+79012021480
+79012021431
+79012022114
+79539903259
+79019232511
+79019239742
+79019239798
+79019234079
+79019235554
+79019239451
+79585368230
+79012022992
+79019237151
+79585368793
+79012020416
+79019232279
+79012022169
+79012021324
+79012020097
+79019235148
+79539902887
+79019231588
+79539902841
+79012020712
+79019230711
+79012021839
+79012020466
+79012020235
+79012020742
+79560008049
+79012023179
+79019239171
+79019238276
+79012023162
+79012020733
+79019239377
+79012021993
+79539903146
+79539902190
+79539903867
+79019237624
+79019238178
+79019231414
+79019236617
+79585368913
+79019235270
+79019236652
+79012021748
+79012023230
+79019235171
+79019237770
+79019237464
+79019238758
+79012022803
+79012022408
+79019231645
+79019233912
+79019238224
+79012023155
+79012021212
+79019239097
+79560008242
+79012020010
+79019234890
+79012020499
+79539902301
+79539902507
+79019238131
+79019230941
+79019234194
+79012020653
+79019232037
+79012021394
+79019235468
+79019239269
+79012020423
+79019234039
+79539902711
+79012020081
+79019234049
+79019235847
+79012021980
+79012022348
+79539903711
+79012022000
+79012020739
+79019231273
+79012023193
+79585368361
+79019231099
+79019233068
+79539902623
+79585368464
+79012022095
+79019238021
+79585368856
+79019230553
+79019230748
+79539903943
+79012023460
+79012023040
+79019238083
+79019233978
+79560008004
+79019238863
+79019238946
+79019236895
+79539902928
+79012021917
+79019235717
+79539903745
+79019231320
+79012022478
+79019234204
+79019231672
+79585368689
+79012023249
+79539902682
+79539902457
+79539902312
+79019237457
+79019239338
+79585368392
+79019238478
+79539903444
+79539903035
+79585368124
+79019230086
+79585368195
+79019230267
+79012022775
+79012022080
+79019236513
+79539903898
+79019231210
+79019233440
+79539902003
+79019232478
+79012021248
+79019234357
+79539903332
+79019235723
+79585368786
+79019235289
+79539902308
+79019235676
+79019230159
+79012023071
+79012021276
+79012023382
+79012023257
+79560008032
+79019238348
+79012022801
+79019239691
+79012020419
+79539902005
+79012020262
+79012022693
+79012020001
+79019231193
+79539903071
+79019238154
+79012021251
+79012021788
+79012022229
+79539903263
+79019234260
+79019239407
+79012020730
+79010135599
+79012021488
+79012020021
+79019230241
+79012023352
+79012021751
+79019230943
+79012022098
+79539903187
+79012022556
+79012022448
+79585368001
+
+79585368945
+79019236886
+79010136141
+79019237223
+79019231840
+79539902967
+79585368031
+79019236799
+79019232397
+79539902193
+79019236733
+79019236848
+79019236238
+79012021522
+79019235754
+79019231630
+79012022299
+79012021111
+79539903298
+79019233397
+79019234892
+79019237532
+79019233635
+79012021504
+79019230397
+79012022911
+79012020946
+79539902453
+79585368008
+79012020189
+79019234512
+79585368404
+79012022894
+79012020317
+79019239790
+79585368862
+79539903841
+79012020915
+79585368986
+79012020722
+79019231526
+79012020263
+79539903687
+79012021739
+79019237886
+79539902813
+79539903375
+79585368732
+79012021561
+79012020396
+79019234925
+79019230434
+79019230706
+79585368096
+79012021401
+79019237235
+79019235295
+79012021923
+79012023393
+79019234583
+79019238796
+79019235508
+79539902472
+79019234681
+79012023378
+79012021883
+79019233815
